Resultats tri :

BubbleSort :
[151 164 33 71 109 135 ]
[164 151 135 109 81 71 ]

InsertionSort :
[68 229 169 31 192 36 93 39 207 30 136 34 50 91 191 226 234 ]
[30 31 34 36 39 50 68 91 93 136 169 191 192 207 226 229 234 ]

QuickSort :
[192 136 5 228 246 214 39 136 8 147 186 78 157 226 217 94 188 213 252 104 162 79 157 20 117 151 64 233 53 53 188 49 43 28 57 87 78 122 248 210 96 123 204 96 164 0 20 174 74 87 250 144 125 111 218 249 3 89 164 127 28 173 253 238 164 ]
[0 3 5 8 20 20 28 28 39 43 49 53 53 57 64 74 78 78 79 87 87 89 94 96 96 104 111 117 122 123 125 127 136 136 144 147 151 157 157 162 164 164 164 173 174 186 188 188 192 204 210 213 214 217 218 226 228 233 238 246 248 249 250 252 253 ]